y= 0, x= 0:
tensor([[0, 0, 0, 0],
        [0, 1, 0, 0],
        [0, 0, 0, 0],
        [0, 0, 0, 0]])

y= 1, x= 0:
tensor([[  0,  -9,   0,   0],
        [  0, 111,   0,   0],
        [  0,  29,   0,   0],
        [  0,  -3,   0,   0]])

y= 2, x= 0:
tensor([[ 0, -1,  0,  0],
        [ 0,  9,  0,  0],
        [ 0,  9,  0,  0],
        [ 0, -1,  0,  0]])

 y= 3, x= 0:
tensor([[  0,  -3,   0,   0],
        [  0,  29,   0,   0],
        [  0, 111,   0,   0],
        [  0,  -9,   0,   0]])

 y= 0, x= 1:
tensor([[  0,   0,   0,   0],
        [ -9, 111,  29,  -3],
        [  0,   0,   0,   0],
        [  0,   0,   0,   0]])

 y= 1, x= 1:
tensor([[  3, -31,  -8,   0],
        [-31, 385, 101, -10],
        [ -8, 101,  26,  -3],
        [  0, -10,  -3,   0]])

 y= 2, x= 1:
tensor([[  2, -28,  -7,   1],
        [-20, 250,  65,  -7],
        [-20, 250,  65,  -7],
        [  2, -28,  -7,   1]])

 y= 3, x= 1:
tensor([[  0, -10,  -3,   0],
        [ -8, 101,  26,  -3],
        [-31, 385, 101, -10],
        [  3, -31,  -8,   0]])

 y= 0, x= 2:
tensor([[ 0,  0,  0,  0],
        [-1,  9,  9, -1],
        [ 0,  0,  0,  0],
        [ 0,  0,  0,  0]])

 y= 1, x= 2:
tensor([[  2, -20, -20,   2],
        [-28, 250, 250, -28],
        [ -7,  65,  65,  -7],
        [  1,  -7,  -7,   1]])

 y= 2, x= 2:
tensor([[ 1, -9, -9,  1],
        [-9, 81, 81, -9],
        [-9, 81, 81, -9],
        [ 1, -9, -9,  1]])

 y= 2, x= 1:
tensor([[  2, -28,  -7,   1],
        [-20, 250,  65,  -7],
        [-20, 250,  65,  -7],
        [  2, -28,  -7,   1]])

 y= 3, x= 2:
tensor([[  1,  -7,  -7,   1],
        [ -7,  65,  65,  -7],
        [-28, 250, 250, -28],
        [  2, -20, -20,   2]])

 y= 0, x= 3:
tensor([[  0,   0,   0,   0],
        [ -3,  29, 111,  -9],
        [  0,   0,   0,   0],
        [  0,   0,   0,   0]])

 y= 1, x= 3:
tensor([[  0,  -8, -31,   3],
        [-10, 101, 385, -31],
        [ -3,  26, 101,  -8],
        [  0,  -3, -10,   0]])

 y= 2, x= 3:
tensor([[  1,  -7, -28,   2],
        [ -7,  65, 250, -20],
        [ -7,  65, 250, -20],
        [  1,  -7, -28,   2]])

 y= 3, x= 3:
tensor([[  0,  -3, -10,   0],
        [ -3,  26, 101,  -8],
        [-10, 101, 385, -31],
        [  0,  -8, -31,   3]])